Sources/ContentView.swift
  s_ed66233db092f9::t_7b63ec9cdbef97 1188,1251,1253,1289,1329,1362,1456,1480,1482,1515,1517,1533,1636,1638,1659,1662,1700,1702,1710,1712,1779,1781,1812,1814,1910-1911,2033,2130,2132,2152,2154,2172,2197,2254,2266,2301,2305,2451,2474,2476,2527,2550,2571,2637,2742,2744,2768,2770,3007,3090,3206,3391,3414,3416,3451,3576,3636,3642,3646,3673,3675,3680,3721-3722,3724,3729-3732,3857,3859,3887,3889,5048,5050,5059-5061,5122,5124,5191,5193,5236,5247,5249,5318,5325,5327,5354,5356,5395,5412,5414,5433,5435
---
{
  "schema_version": "authorship/3.0.0",
  "git_ai_version": "1.6.20",
  "base_commit_sha": "1b36fe3337791cefcbe73ec2cdf8281f4a49089f",
  "prompts": {},
  "sessions": {
    "s_ed66233db092f9": {
      "agent_id": {
        "tool": "codex",
        "id": "019fcdea-3a9f-7ad3-9cc2-e90fbf0209b0",
        "model": "unknown"
      },
      "human_author": "Deepanshu Mishra <d4deepanshu723@gmail.com>"
    }
  }
}